image_width: 1280
image_height: 720
camera_name: narrow_stereo/left
camera_matrix:
  rows: 3
  cols: 3
  data: [695.238665, 0.000000, 620.757359, 0.000000, 696.215095, 351.779986, 0.000000, 0.000000, 1.000000]
distortion_model: plumb_bob
distortion_coefficients:
  rows: 1
  cols: 5
  data: [-0.176893, 0.023876, -0.000127, 0.001794, 0.000000]
rectification_matrix:
  rows: 3
  cols: 3
  data: [0.999954, -0.001614, -0.009420, 0.001655, 0.999989, 0.004342, 0.009413, -0.004358, 0.999946]
projection_matrix:
  rows: 3
  cols: 4
  data: [679.650414, 0.000000, 654.651520, 0.000000, 0.000000, 679.650414, 351.310478, 0.000000, 0.000000, 0.000000, 1.000000, 0.000000]
