image_width: 1280
image_height: 720
camera_name: narrow_stereo/right
camera_matrix:
  rows: 3
  cols: 3
  data: [700.445262, 0.000000, 648.935354, 0.000000, 700.360628, 355.330202, 0.000000, 0.000000, 1.000000]
distortion_model: plumb_bob
distortion_coefficients:
  rows: 1
  cols: 5
  data: [-0.171446, 0.021333, -0.000186, 0.001348, 0.000000]
rectification_matrix:
  rows: 3
  cols: 3
  data: [0.999946, -0.002846, -0.009951, 0.002803, 0.999987, -0.004364, 0.009963, 0.004336, 0.999941]
projection_matrix:
  rows: 3
  cols: 4
  data: [679.650414, 0.000000, 654.651520, -354.433118, 0.000000, 679.650414, 351.310478, 0.000000, 0.000000, 0.000000, 1.000000, 0.000000]
