[LEFT_CAM_2K]
fx=1399.31
fy=1399.31
cx=1077.78
cy=597.222
k1=-0.172448
k2=0.0247581
k3=0
p1=0
p2=0

[RIGHT_CAM_2K]
fx=1400.48
fy=1400.48
cx=1116.84
cy=615.838
k1=-0.170011
k2=0.0228694
k3=0
p1=0
p2=0

[LEFT_CAM_FHD]
fx=1399.31
fy=1399.31
cx=933.78
cy=516.222
k1=-0.172448
k2=0.0247581
k3=0
p1=0
p2=0

[RIGHT_CAM_FHD]
fx=1400.48
fy=1400.48
cx=972.84
cy=534.838
k1=-0.170011
k2=0.0228694
k3=0
p1=0
p2=0

[LEFT_CAM_HD]
fx=699.655
fy=699.655
cx=625.39
cy=346.611
k1=-0.172448
k2=0.0247581
k3=0
p1=0
p2=0

[RIGHT_CAM_HD]
fx=700.24
fy=700.24
cx=644.92
cy=355.919
k1=-0.170011
k2=0.0228694
k3=0
p1=0
p2=0

[LEFT_CAM_VGA]
fx=349.8275
fy=349.8275
cx=328.195
cy=180.8055
k1=-0.172448
k2=0.0247581
k3=0
p1=0
p2=0

[RIGHT_CAM_VGA]
fx=350.12
fy=350.12
cx=337.96
cy=185.4595
k1=-0.170011
k2=0.0228694
k3=0
p1=0
p2=0

[STEREO]
Baseline=120
TY=0
TZ=0
CV_2K=0.0137336
CV_FHD=0.0137336
CV_HD=0.0137336
CV_VGA=0.0137336
RX_2K=0.00141672
RX_FHD=0.00141672
RX_HD=0.00141672
RX_VGA=0.00141672
RZ_2K=-0.0010248
RZ_FHD=-0.0010248
RZ_HD=-0.0010248
RZ_VGA=-0.0010248


